7046
2597
6859
3779
5010
1008
5272
2594
2423
2910
5087
1011
5456
4840
2864
5017
6648
7566
5681
7149
577
5232
2995
1726
4154
3581
3051
4925
1892
6018
4733
6748
4363
2727
5233
4276
6799
1790
820
344
7136
3501
1401
5796
1659
3818
7031
6264
1049
5604
1792
629
2247
4602
6743
6884
6229
6603
6006
4954
125
7357
6479
453
7807
1405
3069
6900
4816
6019
2563
7210
3409
3745
855
3505
2460
3038
620
291
5360
6817
6345
2078
7810
6288
3147
2000
6368
4069
6189
382
5083
3386
5581
560
1152
2187
5918
7161
891
4264
2948
1122
6258
2005
4228
4600
5012
6020
7791
5789
6335
2172
7327
3608
3599
5440
3639
512
1317
6725
367
2602
4396
7068
7816
7779
1648
3994
5284
1802
320
6788
4143
7212
3672
3375
6443
7100
2859
3685
5271
460
3669
3462
5209
3044
994
348
7371
5056
3816
7663
411
6942
2927
7188
2898
7584
7452
5250
7103
1290
3260
2822
6232
1414
1110
2745
4086
5956
3627
4207
4686
7987
7576
667
93
3130
5531
2059
1956
1121
7040
2001
1348
6444
5014
6615
3237
5149
7693
261
1997
325
525
6168
4169
5838
1268
5938
1759
4381
6361
91
2114
6888
3486
6038
4621
6225
3194
5113
3919
5245
242
5116
948
5296
2934
1060
7986
4717
1894
5877
1107
2039
3529
5003
2899
7868
2461
4985
5732
6129
6268
1745
2194
7947
3493
2118
4775
152
1488
2291
3080
2186
6565
2508
5983
1375
1054
2373
1250
7656
5694
250
5452
5409
5359
7552
4620
7945
6826
2384
2018
5647
6421
1204
6810
3993
6848
6582
1283
7918
2835
1079
5491
3656
7633
3981
1433
631
2824
4704
2774
1010
7048
4305
89
2458
5351
1025
65
4291
7848
1623
910
7119
1383
6441
2156
1066
2918
4506
5177
861
43
2234
2532
7763
7284
4293
3542
4239
956
1697
4248
3947
4644
6734
7796
4528
1720
5564
4409
3917
4625
1023
5226
1350
7678
139
7592
428
1159
6017
7296
7032
869
2908
3580
7215
7050
4565
5391
6971
7771
6938
579
6593
3128
7623
1346
7248
7819
2896
2074
5147
2872
876
7453
7887
7628
5424
2890
5727
4689
3625
6819
4407
5766
6620
7627
144
3519
3732
6864
992
1597
689
2278
3805
88
2747
6010
5901
5134
7205
6422
57
501
4054
1471
7360
3528
7932
2399
7054
1998
7828
5788
2891
5902
4593
7365
5478
5019
7824
86
7440
5433
7070
1799
7833
3026
688
4586
5878
378
2584
7133
4080
3171
2641
2949
3169
5118
2151
6461
2416
467
75
4016
2837
2016
5407
7000
550
6334
7865
3318
7282
1126
3861
5626
6100
5029
6978
5046
5839
5984
3587
5004
5994
893
4138
7165
740
7317
5743
7864
6644
3283
7703
7267
4605
1047
811
2490
7736
434
1610
107
6998
2713
3425
3791
1007
7984
971
2042
1738
7451
7976
6159
2933
1130
7599
5658
2567
531
1446
3320
2255
2875
5203
3896
7860
4645
3634
2320
2886
435
7793
2955
2027
4393
6328
2102
1180
1164
4649
3348
7539
6472
657
2871
7269
4583
2921
6076
3960
5811
1
3717
4366
7595
1688
1260
7960
6831
6126
1982
3162
77
5302
1505
415
5378
622
1788
2290
7377
3301
154
3642
604
6338
4120
4022
137
6746
3592
4799
2319
2905
4725
906
5446
3831
3295
6692
5306
295
6962
5309
1710
1134
4852
2130
1144
4564
1461
5167
4690
3965
317
6167
919
6841
324
210
1493
5484
1324
7831
7660
654
3164
3412
1398
3929
5654
3548
7995
6504
6909
4018
96
4832
3937
5756
5848
1451
2446
3161
3410
3372
2494
6657
407
437
6836
7089
3110
2245
2338
2469
774
2975
2935
7780
4240
6686
1101
3394
1038
1128
48
6221
6442
5428
6525
5778
3057
4423
6801
7310
2109
4242
5085
1559
4633
5700
2966
6253
2100
3329
2790
1166
6494
6626
484
3695
3730
3350
4746
7632
5518
3072
7354
3586
1877
5356
2838
742
130
4927
3856
5650
1514
2313
3246
6160
2081
3746
1108
5862
4776
2394
6149
3243
4691
632
6487
2491
6617
2978
902
3963
6224
7101
5287
3160
4299
1622
6349
2786
6794
100
2199
814
3876
6674
520
6047
5479
5340
4483
7027
4869
6496
6925
4905
6822
551
7240
4486
5537
3938
3651
1650
2542
6436
4361
5551
2401
1581
2133
4581
7022
3777
7904
1884
5048
4678
4982
505
282
7179
5592
6339
409
5374
7239
5269
5912
7204
2203
2050
698
7364
7792
3652
7978
2215
5130
2285
3878
2176
172
4841
4556
2107
2662
4578
6156
6850
303
2865
898
2720
1368
4324
4024
2415
4701
3911
4123
5504
4629
5725
4597
4140
4579
1548
6751
2279
7372
4616
4038
6663
6302
5159
5077
7219
2527
937
157
7128
4601
806
5527
2160
1194
3701
3802
7098
3054
1896
421
4888
3630
2617
1882
4574
701
6903
6982
6251
2894
2820
1236
4883
377
7600
524
1248
6660
4929
2651
7427
1478
6691
1570
4303
6658
3450
7200
4074
5129
2625
3085
5785
6002
253
3517
3753
3030
6676
337
7287
4502
1542
4571
2230
1558
571
4798
7504
3173
687
7799
4149
3840
4641
1821
2452
3417
4987
179
2682
1125
1363
3435
5042
2414
1986
5100
5563
74
4142
6523
7618
5040
4461
3502
1439
4545
7193
5006
3056
3710
4786
341
6579
1903
1182
7148
4175
3843
5660
7091
1403
234
2571
6321
4723
2717
2010
7557
402
7145
517
376
4002
5055
5015
1890
4688
3017
857
7716
1332
7825
488
783
4065
2280
79
1243
2853
6937
2814
4428
5672
646
5782
4328
4757
528
1783
3761
5594
2439
2302
5127
4473
3221
3362
3227
5920
6379
2045
6392
1977
5280
5894
4070
5461
1063
362
5794
257
5343
798
2531
6205
6101
6914
189
422
4529
734
6289
4374
4966
102
6959
700
7559
3252
2026
7342
859
6546
1131
3671
1647
7405
5318
586
903
5759
7114
3028
6588
2082
4359
7541
7160
2704
6478
932
4472
5568
6031
4085
1084
4836
5470
7741
1733
4281
1660
3489
2952
595
3924
3870
2825
4025
4889
3636
5719
7045
7788
1976
401
4314
3588
4129
1106
1496
7107
6745
20
6939
909
7346
5953
1218
3973
5990
2173
447
692
1582
736
6492
495
7235
6040
6872
1286
4495
3904
6583
5879
4732
2665
2486
2065
2681
924
1635
431
3525
3180
3277
7431
7035
366
7110
7920
3211
2514
4072
2293
5885
5321
6266
4975
5078
5195
7433
1730
5026
5723
5690
1815
7894
2860
4089
1269
2068
146
2904
2773
1438
5907
2844
1743
4491
7713
92
269
4591
4917
5102
6218
889
3941
642
2667
2340
5831
200
2753
2764
7113
7061
5728
4170
1944
5819
7923
4789
1161
6919
1205
4903
5863
1767
2971
1331
4921
3561
7664
6571
5900
6003
4724
7529
5146
4598
882
990
5529
4707
5503
1862
81
6519
3895
2375
6941
7888
254
5555
1766
3758
6238
545
7861
4494
2804
6457
3081
6786
3430
7818
4456
5025
3096
4596
87
6878
5139
7074
5655
6711
2244
2270
2797
2362
824
6896
2692
1860
527
4075
3458
46
4730
4900
145
3423
5629
7255
2344
7288
4059
5510
7180
3446
2357
7538
5122
185
2297
6370
7973
1808
819
6907
199
580
4460
1690
4778
1175
2090
5507
6333
3485
3958
4507
1781
5780
6354
7482
6055
7781
2537
6184
4963
696
7429
5114
5355
3087
929
2520
7162
1167
5573
6973
6548
6400
2248
5494
2730
494
5248
3527
4764
1901
1975
1432
4027
2883
2131
5260
6567
28
7757
23
4741
1379
1962
3004
3098
5897
6030
5364
6320
4468
4504
1253
3224
196
1273
5988
884
5758
1030
5554
355
386
6161
5615
4400
60
796
7002
7008
6043
3117
1859
4329
3027
7016
6475
4993
630
6675
2003
5632
2088
1069
6943
5227
175
2382
4110
1923
1750
1028
6780
6514
1378
2443
5131
263
2983
183
72
1724
5468
1953
897
832
4221
5908
6276
2694
4119
4103
7213
1115
5843
2906
6412
1071
4856
6761
6396
2559
2141
4950
5332
7787
4019
1215
5231
6473
6312
6182
3797
90
42
1926
6922
2051
3741
7053
5458
1393
5802
2950
1801
7430
2969
3658
6393
2889
2799
3806
3003
3332
3891
1560
627
472
4823
6991
1512
2402
1061
6157
3920
6069
345
699
6908
3948
5861
2719
6300
4984
5972
1412
539
2071
1685
2960
923
7624
1455
754
6995
2543
6985
7174
1603
7537
5967
7056
2427
1029
583
3598
5066
2516
3500
279
3523
1681
2434
2578
1309
4001
3877
6214
4681
4236
2877
6670
1019
6072
6234
941
6886
628
3377
6227
6500
6631
5171
2030
6652
6290
4192
5818
3168
2836
6489
4327
7738
1968
2304
1740
5757
4531
6669
4801
1411
1732
4447
3323
142
6468
5827
5152
4318
6532
1779
5403
7279
4357
2250
1917
3975
5188
4270
4160
7336
2701
1116
5525
6960
5516
4040
3496
4115
3380
4968
5825
7051
1149
2233
5088
2132
1728
6086
710
6172
800
7099
829
2221
1356
4452
7924
2153
5268
2674
2392
2481
808
5058
7309
2691
3064
5575
3914
3967
220
4300
2062
6572
4099
823
5400
1575
7117
1053
3543
3795
4652
7726
5264
1196
3480
5804
53
1663
7942
1621
2568
3240
230
7948
2448
2170
4660
3331
958
2220
6065
5150
6800
2585
3572
147
400
6699
2722
7487
1295
6185
3175
3140
5774
6035
3605
267
4735
1719
2610
1712
1515
4520
6955
4385
7931
258
7447
2053
2411
7434
3429
7289
1183
3002
5924
1594
5379
2426
6186
6944
3616
3693
802
6928
4165
7690
7649
703
2258
448
6245
1389
5730
3984
2636
1935
7366
6654
3226
739
649
863
6355
5101
2663
4058
4475
4513
2467
7420
4178
7322
7812
3936
7601
4588
2064
13
7622
1037
6094
6005
3655
1358
5550
2493
1748
3782
5028
603
167
3837
3615
6952
5960
119
2848
3803
6116
2442
3827
3749
2526
5265
1484
6158
5666
2917
6990
2301
3804
7917
4744
7170
160
6012
3790
731
2092
6678
3104
4818
4013
2669
780
1630
5121
3853
1153
856
3988
4916
7767
2987
4871
741
4342
6721
7938
5674
7112
2611
5624
273
2015
2813
942
6054
2
1749
387
7395
2776
1918
1357
132
812
1762
7084
2052
518
2564
399
720
760
6687
566
2671
787
5329
493
2204
2450
7141
7454
5303
1407
5191
1476
1238
166
322
3931
2475
704
5998
2134
1293
222
7912
7991
914
1298
1785
3384
7724
6109
1187
2124
3245
4568
2762
368
7857
1105
7498
2622
4286
110
748
3927
7620
6486
944
2991
6077
7254
3086
5416
1460
7546
3340
7446
1703
490
5609
940
7677
6285
6795
4962
2759
3893
4173
4037
3823
5606
5148
2041
4631
394
2403
2913
7159
6639
4144
3576
5317
4371
4553
1752
4603
451
5803
3018
181
4813
1399
5772
886
6431
4949
685
3499
3264
2553
3189
6690
519
1857
4703
7039
6635
5297
198
3123
2089
5846
4794
3594
7191
5961
5976
5199
203
6137
1782
5958
2830
1485
5720
6239
5864
6765
7946
4487
7754
6869
7956
5539
4709
5076
7323
5899
509
1528
7007
4499
1571
5124
4204
4459
7755
5691
1963
6407
290
106
4948
4945
2807
4673
5601
4675
6537
5822
7877
6419
2075
6204
1174
7499
6124
391
7514
6015
6265
1050
7236
3029
6433
5722
1276
1064
6988
5095
1336
7583
6434
4519
4872
7378
928
4862
5043
6569
4256
1557
3276
608
1371
6299
5950
694
468
5871
6039
7243
807
5
3488
5860
5585
2040
962
7058
4640
3660
7041
682
5386
6561
3756
4275
5621
776
383
4541
2739
6162
333
892
3989
4946
352
7655
4255
298
340
3439
7066
3325
4111
3067
6348
3378
6498
7944
6386
1823
7343
4325
1549
2383
4820
1502
3813
6576
5930
3019
5646
2099
5509
1522
4098
1282
1244
3765
114
2104
5333
6171
6833
7506
7891
1804
1396
7974
4412
1264
7867
2190
2487
462
558
3725
3738
544
3134
7832
2004
1891
3628
7637
353
3564
3826
6470
3136
3812
4162
4185
7334
3236
7518
3465
6187
1756
6513
2222
5164
4033
2644
2792
7967
4687
3747
4122
1409
5107
3032
4048
6022
3122
3037
589
6880
5579
4000
5834
5197
7562
1747
7835
1617
2433
5207
5189
4315
5274
4091
570
6683
616
4280
4055
4566
3106
6112
6152
3473
5645
1822
3637
5761
5664
7776
4272
3912
7308
1188
750
3149
2147
7361
7
4595
6177
3898
6274
3720
3494
1245
6847
1329
1954
6318
6516
5874
2181
6254
3715
6141
1267
936
1406
6747
5117
1507
5441
3864
959
799
3335
2678
5145
2970
6533
2083
2374
6613
3515
3544
4278
4444
7321
6347
417
2592
5770
4843
174
4544
121
4259
4088
2180
952
2212
2549
6766
5237
2855
7044
5198
3206
7730
3266
1940
7742
2752
6932
2982
3131
3431
4734
2095
3541
1372
212
7524
3901
5522
2888
5919
762
1377
1090
6904
5613
7794
4354
2127
195
6526
2128
207
6326
3076
3724
5487
5736
4323
2240
563
5000
4546
158
1470
6696
7702
2196
4296
4549
3841
54
5768
4902
5009
1587
1636
3997
2369
4174
865
3801
697
815
6242
7545
2501
7883
3009
3849
1666
4087
3039
6653
3690
4465
7952
2470
4199
5828
2959
363
3781
7330
4953
6336
2360
6911
1487
6926
4642
5460
5254
4446
507
5073
3118
178
4727
3971
597
1850
4532
1073
374
4097
454
7189
1072
5599
5783
7769
7854
1255
1833
4623
4539
4534
165
4924
3692
5973
3347
4770
4380
1158
6655
4981
6067
3673
7195
2499
7397
1099
767
1843
2528
3698
6084
999
1825
4677
4279
127
1598
1668
5665
7863
2044
6679
2609
5934
1991
6066
6140
496
7071
4851
3355
6950
323
3887
4233
5221
569
2688
4643
2408
1280
6587
1492
2226
6601
5369
4790
499
1909
4416
5022
4350
503
5212
4226
3858
890
3943
7069
246
7436
7147
5178
2708
7423
7450
1193
6616
4443
6310
4800
6356
4731
724
6876
5140
5106
6790
7416
3390
691
810
533
5974
6796
4930
873
2981
7075
6261
1929
2831
1467
2482
439
606
3138
6501
4653
839
4433
7977
945
5349
7467
5745
2435
979
2066
50
6564
1034
5153
4360
6851
4875
6127
4277
7743
1793
3546
2599
2225
4353
6881
7475
6075
6545
5301
2791
2939
4451
1934
6757
1178
34
4421
6463
6961
3157
4049
2900
2216
5875
328
3909
5108
562
2272
679
6284
4844
5701
6977
4656
3166
381
134
3278
3326
7422
2847
1111
6216
5572
3468
4865
286
2498
1042
6923
1141
7775
1526
7294
7688
939
3582
5602
4288
1418
5239
7375
2093
4337
4309
535
6195
4721
4035
2425
3850
7970
29
5417
5642
486
2715
7582
6585
7814
2046
1932
1170
4810
226
614
4762
4501
4117
6374
1871
5050
4814
5737
7167
4784
1910
1993
6672
5992
7728
777
6543
7800
4557
7312
1601
7640
5661
276
4415
5978
1875
1577
3074
2067
5699
3328
7569
3112
4191
6791
7540
6827
2163
1651
5371
7525
7014
1624
6868
6458
2497
225
770
3945
7885
4260
2550
6115
5760
1009
4368
2953
5716
5361
7547
7198
4769
5991
4663
963
6092
1678
6448
5426
245
3848
3905
6175
6812
4338
4919
4379
5034
5876
5703
3910
133
7889
2721
365
599
2749
7558
6591
1978
6306
5052
5695
7404
4876
251
3506
908
7642
6465
4780
1168
779
549
6844
6193
5889
6359
2788
2038
2366
6476
4742
3265
2113
6481
1689
6924
4922
2689
101
2094
1536
3484
3154
1117
4753
5536
2540
6206
6082
7751
7718
6118
1337
4848
2857
7278
5059
4990
2098
3992
129
2478
5560
1012
7849
5214
2525
5653
2087
3367
6549
3815
3638
4587
1190
4422
1450
1391
3466
3763
6666
6303
1091
7898
7443
6953
5432
5061
2135
4563
1304
1817
1662
1082
3413
5892
2345
4450
2031
3513
1586
5733
6016
4807
4797
4372
5533
283
3284
7226
3381
7517
7350
2385
5740
6090
885
3821
1670
3886
7683
2387
3099
4606
1291
6405
4638
4
6758
5350
5325
2716
1334
6606
7268
1347
785
5169
1132
7699
7197
6358
3961
3309
3467
2309
3094
6552
3203
2763
1739
5027
7786
3107
3619
6096
5852
2666
5812
912
7878
7176
3794
3535
3031
4542
5465
548
2207
1501
161
4612
7679
2706
4330
2907
7331
707
5367
1950
7131
3133
3253
7231
3304
6874
3766
2718
5082
3890
4195
5810
1074
2329
7055
5724
1088
5363
4938
5506
3369
5449
3708
3294
605
5143
6744
7596
5799
6608
5071
4397
2626
414
281
3537
6783
5354
76
1262
6726
6993
2243
5505
7275
3230
7439
2895
4842
6467
5628
4943
6240
1052
5755
5882
5870
693
5110
3665
6275
4006
7494
7024
3533
6894
1930
5357
7301
6143
4355
7758
5365
7735
2188
326
826
7497
1169
7263
6247
4333
4996
7158
1157
3387
1572
4754
5435
4041
6622
7319
3443
4331
7123
2192
3354
5517
1888
504
3408
1533
449
2783
572
7607
7839
804
4822
3569
7164
2714
5404
7711
2640
6298
2148
3232
7150
1529
3046
1628
4335
1700
7907
6048
6418
4632
2554
3900
5721
4258
4609
1578
6536
2263
753
1027
1033
6559
1803
2696
7005
4760
7218
452
5583
7777
4343
7989
112
2354
4672
2541
7362
5347
7544
6531
2025
506
7256
775
1694
3842
4021
4986
4524
148
5414
988
5521
674
5595
4740
7533
4445
2275
6307
5977
4622
305
6862
1145
3257
6570
6741
3704
600
2879
5483
738
6703
16
2810
6756
2956
2168
6612
3139
661
4183
1473
5857
1367
1444
6976
6319
1974
7589
721
7746
5408
2876
1251
6541
3453
2916
3742
6061
22
455
568
7190
2940
2811
7237
7882
6071
5866
7750
4635
7543
3432
5633
3684
2728
3238
5242
6883
1848
638
1564
7521
1957
1965
7251
792
241
6954
3522
3287
2331
7727
7384
592
5941
7094
757
1596
1770
5562
5532
2361
860
2218
3449
3676
4238
5630
1810
5962
5142
6638
996
5184
7241
3167
7501
408
85
1928
293
231
7605
7809
7634
2488
5914
3568
379
3780
7879
957
7911
3867
5627
3957
5744
7928
2210
393
2235
4607
6417
1568
5315
2267
6625
1517
131
3799
1755
6499
3640
5588
7710
5075
690
4613
2380
7502
2444
805
6781
1925
2658
2129
2670
4931
5323
1426
711
7707
4159
7611
634
6315
5943
3402
7876
7234
252
3591
3968
3234
4935
3322
150
2224
772
7578
3365
2410
6685
6292
7532
2179
6230
588
7083
6255
6920
5293
7017
3632
7846
5314
7588
7862
6130
4668
4036
2777
1931
5454
5906
1416
385
2637
3279
3395
187
35
5538
4654
6064
2695
412
5186
2506
4274
5300
4008
7783
6637
3674
5039
202
3603
7090
3040
7316
7994
1699
6910
3288
7643
3383
1964
6341
837
6515
1020
7462
3611
2228
831
617
5753
6488
2480
3404
2569
285
624
5886
108
4282
1006
6437
1498
5249
7407
2997
2323
211
7347
1397
1844
7087
6949
5925
7478
6522
7674
4214
1989
6033
4825
4399
4023
1874
5667
219
4077
1421
3338
7536
5910
1015
1373
6560
4827
2317
1769
1045
4647
6095
2650
4530
769
1404
4047
7337
392
2798
7059
2209
3659
6689
6243
2868
6738
3923
5692
2577
4867
5955
5706
868
3934
3077
7927
6360
7065
1696
5841
6180
6060
6899
4835
5773
7505
6897
513
725
1382
4885
446
3415
5170
205
7665
3116
4398
7376
2841
1342
2858
7495
1288
2742
6037
4351
492
7023
4899
543
905
1886
1789
6304
4150
4189
2378
2070
4167
7394
7766
6609
2049
6927
3342
491
5587
2251
7303
6291
853
6279
2236
5815
516
184
1847
3507
4003
2047
1905
7029
7717
1593
5566
1211
5092
6838
5181
3382
1351
4231
6411
6329
4716
6395
489
756
1046
2417
680
6664
6865
6716
6102
3903
7513
6403
1070
920
2440
2575
3396
2902
2271
7299
5786
7406
1772
2628
6782
3207
6621
6728
2126
5086
4559
850
284
556
735
4651
4788
7572
7448
7561
6078
1410
5450
1448
554
4107
1652
5081
7270
7489
3521
3398
4292
6330
4699
3290
4965
5247
2616
3670
3178
1566
5288
3785
5798
339
7348
4726
58
652
5206
473
2219
6053
7609
660
7049
4912
2664
7985
2158
1083
1555
7704
3337
5816
1059
5165
4777
5389
2108
7088
900
2680
4983
4720
1480
4217
5225
684
7106
4268
2468
247
7432
4285
6821
2967
2758
3042
3977
5291
2880
3833
7721
2023
6197
5396
7874
7152
4855
582
3933
156
4474
2315
4172
4181
6107
6956
3366
18
2393
5289
7424
1472
6647
5801
6736
3969
6866
1955
6720
4722
2986
552
6099
120
4081
3907
7700
2456
4973
4879
4858
4457
4171
1102
2155
3442
1376
5715
6023
5656
1567
3662
5133
1791
4383
7293
3299
3308
2355
3281
4045
149
3681
3744
3344
5712
4284
6818
5620
7244
2418
5267
1540
5304
723
7602
1326
2260
1872
3787
4306
7652
5605
6357
1463
278
2231
4572
4951
918
4200
502
3071
2076
2690
647
7859
1716
39
4271
5777
1120
4145
6183
1605
3593
981
7979
2346
3800
7306
3148
817
7485
3370
2926
4939
6984
3291
4708
2809
3084
5394
66
3755
7335
1139
1721
2702
2479
4364
1729
3187
3613
6632
6980
5942
6194
3510
7458
1177
7817
6828
7681
2328
3418
1520
3990
2993
116
2136
7230
5213
4096
456
2992
6364
3405
4988
656
669
1219
3768
5951
296
3691
7156
6550
2659
4424
7105
336
4795
4153
2507
6188
2120
3759
2165
3906
6805
2421
2238
7171
5352
2259
4512
922
5298
1423
420
3667
6777
136
73
2465
4382
3570
5089
790
7826
2208
6001
8
4971
6391
5584
4373
3454
1604
4555
68
6294
476
1186
2530
2984
266
6539
1913
7209
6594
6898
6414
5192
3216
3713
4926
7072
6257
827
3481
6807
2779
1259
7805
3007
7115
1241
849
7852
2266
6093
822
1684
4923
6145
7311
7512
5784
4979
3426
3635
3951
607
413
1494
4229
6599
4234
2292
2751
3343
2353
2732
7079
6051
5742
3921
1495
7402
4141
2582
5600
813
7916
6062
2823
4859
7953
2096
6916
1664
5929
94
2757
4042
4479
4432
3995
318
4977
7837
3534
410
3557
1056
7616
7338
7774
2923
2325
321
7972
1221
6024
6273
4369
966
38
6209
3998
1873
7216
998
7790
2327
6968
474
6139
4290
2988
991
4697
1539
2189
4431
6512
6935
7926
781
7778
3706
56
1340
2306
2882
104
5241
357
1692
6388
7460
309
5257
1705
4130
4710
4684
6682
1784
4679
6753
2545
173
4405
84
5915
1335
1562
3661
5338
3728
3113
3531
3716
5063
176
4765
3953
5219
3819
3553
5618
3438
2057
7981
6566
3420
7858
2827
482
6698
2734
2539
538
1320
2656
4908
2405
709
5194
1112
4168
6931
1392
2576
5261
5501
2032
4316
6452
3727
5993
1263
4745
4570
561
3440
2125
986
1754
3956
6517
7689
2137
5640
7036
5492
2058
3120
7019
2711
7349
1225
7137
2947
3811
2332
6619
983
2620
3060
2356
5608
7687
5935
5448
2262
5580
6398
7890
7866
7373
6857
3114
6085
1709
7999
5917
335
2249
3152
881
7225
3078
7669
3006
4050
7797
6449
1092
4913
2072
2398
3778
1846
7368
1856
3606
7842
1093
7511
6987
1532
7575
4463
4406
3150
3391
7752
784
5065
644
1096
7510
1097
1841
7748
2503
6767
1773
7922
4304
3008
3624
3731
7803
7374
6199
5217
1680
3145
4061
7062
4857
5023
2274
2318
1195
5098
7553
7266
4808
2638
6623
459
6311
1452
3452
5072
5750
1040
6390
3589
5406
70
3567
4203
4267
277
7983
686
6079
1294
4515
3679
7265
6860
6554
45
1129
1889
6136
2583
2451
7124
1616
6596
5282
7565
3310
1275
3851
1813
6975
1394
5832
4615
2365
7534
2657
2303
1686
1895
7760
2852
1771
1530
5709
4190
2200
2351
727
5037
6797
3190
3736
5498
2341
3274
213
4060
2808
3100
2256
3373
7318
2552
664
5392
1718
3196
1715
5335
4320
4488
4970
1486
6590
6429
1531
2619
6723
1206
3247
6495
2400
2020
6110
5420
4830
7233
3492
1499
398
7370
2080
4326
2161
1005
6578
7184
2119
3156
7744
1109
2973
3788
3600
7964
2795
1349
5120
5211
7509
3577
3282
1165
4910
4680
470
7784
2308
1021
7232
2154
356
6957
578
6381
7821
1698
4779
1151
4526
2518
6009
5413
6912
1695
899
4873
7933
4920
7096
3946
7644
436
3121
2201
7390
4377
2069
7671
7182
6947
7830
5376
7733
4756
6511
3875
7980
4031
4882
3980
598
1661
4937
1545
3393
2420
7673
1626
1301
6630
3296
7260
1474
1829
418
1354
1163
678
1272
6778
5849
6870
4584
4881
3000
6624
761
206
3545
7651
7554
7698
536
2510
224
3822
2631
1511
6426
4480
168
7836
3280
7925
1887
3573
7399
7712
6642
5353
5557
4116
5747
2741
2974
4694
1830
3538
2422
2441
7173
3392
5734
6313
7992
5382
1179
2737
7273
1820
5125
883
164
6063
3052
1939
1138
4376
2979
6580
97
2253
4029
4032
3735
5482
3974
7221
4696
1943
4124
1343
7277
3092
5648
5614
7380
3844
5997
2587
7577
2227
7530
4321
7392
2424
7694
5867
4567
1316
7762
7636
6117
851
32
4427
6509
7998
3739
6839
6121
371
7286
6106
3256
3830
331
7352
5238
2782
2284
3298
388
4845
1150
2337
5202
6207
477
3647
705
611
3940
2829
135
6882
4464
2419
1252
7403
1942
5556
7166
2495
5952
40
6383
3944
2017
3497
7388
5577
2002
3547
4388
3364
2874
6970
6103
1641
6450
4751
5174
1142
6104
1482
7340
3433
7686
6367
2009
1734
1876
5161
2484
1224
2748
7804
7714
272
4225
7635
6879
4232
7104
6176
7567
6384
1609
5277
7465
1574
5548
3979
7304
274
6994
1842
7356
1123
1812
3703
424
7345
12
3363
2504
3286
3991
5431
375
7207
7417
343
6052
5625
2286
3050
4894
2213
3902
2707
3964
4083
7650
6376
2925
2157
5036
6708
879
1100
5731
4866
7621
2603
5358
2314
5193
6547
7078
1017
6607
866
4209
1400
789
1673
744
5068
1189
7515
3271
3108
6804
7326
2084
6811
728
232
6131
5115
1898
59
1226
3209
1544
1314
648
6595
4874
2183
5266
2430
1806
1798
82
1599
3127
3602
5053
4067
2972
3132
5024
2850
6969
5775
6710
2601
7619
7351
5384
825
1816
7610
4386
5830
4093
6297
7028
989
7720
1133
2174
4010
2614
2677
4482
3686
3445
1897
3181
5675
5693
2573
3034
1959
2513
7662
1491
5421
7943
7629
4674
5968
2296
7811
4114
238
6337
6226
7381
5074
4806
1257
3719
6256
3908
44
7968
4437
1089
993
1654
5651
4650
7479
6244
4772
5488
6483
3191
1973
3792
7081
3215
2833
2951
214
3539
4429
2612
6165
6081
4847
4738
3428
2608
2343
1704
6212
7082
838
1466
5670
4410
7033
2363
6231
3141
3163
6237
5965
5279
3155
1951
5320
5767
319
1845
1941
2277
6929
6073
984
6693
26
1087
3090
3213
6646
874
7307
5928
3182
6677
7813
7895
1824
1778
2336
3036
5903
5210
5833
2538
6316
2396
6352
5809
7281
3696
6309
5251
1751
2548
1447
5790
6966
1330
4637
2954
3509
3796
4500
1201
3918
5377
5137
384
4648
4958
5372
6380
1786
5923
406
346
6861
6538
308
264
7456
4915
4079
5512
7030
1995
2755
3146
6979
1048
4771
7130
7708
2371
3385
270
729
4391
840
2085
730
3487
7252
2431
6502
5591
5705
5425
791
7903
5126
5385
5402
6597
5696
3563
3601
6774
3124
5711
6202
6719
2412
7006
373
1658
5474
1171
3503
846
1893
4624
7870
194
6650
4898
2944
2851
5373
182
98
581
5682
2679
3832
4235
14
5136
5336
3558
4492
2878
6228
1322
3319
4436
1649
2106
6377
3817
177
670
4151
3504
4053
771
2429
4253
2197
6681
797
457
960
6534
4736
2462
916
2924
4470
7242
567
6951
1388
5829
3884
5471
4861
4887
1147
2512
1835
1078
4101
4523
6378
2985
4834
6604
21
1287
6191
877
304
1921
6773
6967
7411
2322
7328
904
3575
6750
2299
3838
1094
6762
746
2842
713
5223
3456
547
7208
6915
6196
2781
4496
1563
6889
4134
5018
2054
5971
4548
5520
5182
438
4752
4782
7603
4071
6999
5060
3879
2754
3459
3066
4009
1797
327
4301
4370
5795
788
1866
1665
3622
4909
3011
3552
5851
6820
6296
6974
6327
1429
7292
2310
1632
5104
3972
6146
113
2772
6584
2604
5792
4015
7163
2968
5671
2881
4261
2768
2817
349
1360
3839
3403
6113
3228
7930
587
5869
4804
4618
4891
7441
6325
2515
188
1296
5791
2725
6832
2283
5751
1479
2639
1900
980
2565
4198
4942
6262
5276
7437
3498
6415
4837
7639
7843
534
1967
5738
4076
681
3520
4426
7520
3694
7761
7085
2145
6645
6163
773
1516
858
3464
5995
3767
5051
4179
228
6965
7259
1380
668
3617
2634
1947
7177
2193
7469
5668
7847
6641
390
7283
3061
1899
6493
6331
4676
7579
7223
4599
636
6667
6270
1671
2175
1137
216
5776
1819
7853
7300
2839
243
2778
1735
4332
6846
573
4809
6252
404
7249
5571
4685
2579
1308
4998
7261
4928
2574
433
2024
3470
1242
6792
3263
4860
4177
3356
7484
1256
3105
7935
4878
2454
5714
4148
6369
6776
1988
3153
3250
4413
7262
3646
67
1744
3595
4084
3626
6455
485
3770
2996
5612
3786
1867
795
6845
7647
7143
7415
6829
2595
5281
4458
4044
2912
4594
5748
5837
7246
3151
7682
5324
3769
3530
1937
5817
1999
395
934
3862
5204
1612
2740
7910
5179
7126
3560
2687
7435
3852
1858
1085
6867
1449
5945
5466
1274
2828
7144
7594
5754
1051
2223
1310
80
542
2397
6208
4662
766
7276
3202
1979
1556
3643
7772
1210
5576
2863
6835
6439
370
4404
7997
5636
6945
5927
4476
3663
5853
708
442
2265
6737
896
4007
4078
3214
5586
4356
2409
6007
5856
6323
5845
4449
3142
2012
307
4411
4550
2893
3261
3892
5457
5477
5049
2483
7580
5933
7168
1490
7908
1527
475
1727
24
0
6198
3058
643
1229
5999
7753
7329
7363
1285
6344
3013
7705
1627
1374
4215
5485
4408
5710
5243
2457
6385
5898
6
3479
221
3516
1669
6375
6830
3983
2632
3217
6705
7909
1223
950
3999
5797
1837
2746
5502
3760
280
5546
6351
6688
6921
7155
1535
6164
1849
1127
5313
3885
4289
5493
3882
6059
2517
2780
2477
2815
864
3359
752
3184
3650
2406
1633
6520
2914
201
3764
2110
4573
7516
7004
4125
6574
7382
5717
5348
306
841
1518
7823
4670
6575
6343
6555
6011
5763
3361
4941
1076
4347
4543
6506
3241
4439
6462
4608
4976
287
4895
7965
3511
4893
3192
3776
676
5641
2683
6913
7648
7782
7550
2654
1266
3219
6046
1836
6936
239
3491
5172
3774
6540
526
3935
5905
4868
5859
7408
2775
2007
3709
3314
4933
1191
2282
7551
6480
3475
1674
7488
6034
5689
3111
3358
6824
3225
5244
2843
4980
2339
1036
1987
1711
6402
854
1763
1990
1865
3950
4197
931
6430
7519
6453
4575
7468
1985
429
6789
4493
4510
5824
6732
3324
7481
342
5294
2624
6825
3469
1344
4667
2115
2146
4700
7038
1279
1591
3559
1300
5808
6192
2048
2489
180
7199
7211
4283
5328
4661
1239
1184
7421
7941
2500
6709
2472
5062
4766
6933
3455
2642
2342
6028
997
6050
7012
478
6885
6798
4430
5201
816
1952
1776
1864
4392
3186
4657
3524
4897
1543
2942
4747
6901
1289
7604
4781
7238
1299
444
3073
4896
315
69
4906
2615
3198
584
6707
6133
1217
1014
1547
6661
6406
2744
7483
7060
6267
4569
2037
1443
5688
1534
7672
5948
5218
7258
4310
1415
1984
2105
836
1672
7696
522
955
4403
1655
5535
5005
2239
1878
3095
33
3421
4066
4362
2149
4365
7228
7670
2182
2990
3571
3845
6722
4467
4108
6611
523
3644
3183
7993
3623
4298
162
3868
5339
1573
7685
7508
7613
1960
4714
380
7597
1677
1629
7581
5445
1814
7731
7764
4263
4758
5840
2060
872
5387
6220
6435
2166
4471
271
6983
7419
3726
2621
5932
6420
2980
5931
5704
3629
3258
5430
3514
3532
6148
2919
3285
5196
7116
7245
6423
5762
372
1359
7018
7183
5422
3244
5067
2008
1625
1369
1114
3070
4877
2761
4960
1192
5151
4241
7568
2869
4152
7480
7936
6528
3834
2116
3894
5341
4580
2937
6640
3835
5895
6702
1148
7871
564
833
4737
481
5327
3289
565
430
7996
7573
7344
7528
2395
5590
6563
1980
5986
1258
3928
601
5346
1247
5375
1972
6989
5112
3302
2372
6120
465
5530
4193
2502
2856
3733
4659
5160
461
3784
3091
4308
612
6045
7201
5524
1588
6142
7011
913
6793
1714
4793
1916
7214
895
7587
4039
3270
3707
3596
7076
6482
27
7413
7398
7129
1442
3654
3526
2922
1483
7473
7217
1143
301
1583
3102
6249
4176
875
917
1292
695
2466
9
7773
338
5190
4562
4243
3312
2055
953
4695
1737
4188
6963
4713
3748
6236
2901
2591
4812
6895
190
5021
1519
55
2606
3401
5473
6651
1919
3820
743
1261
1631
2963
3341
1637
3664
763
1408
5388
5814
745
1068
1013
3059
6808
4210
1992
635
7939
5936
4817
6871
4989
1938
2818
5697
3351
5486
6260
1839
677
5969
4257
4995
3368
6080
7875
4030
5481
1525
6223
6906
4964
7445
7880
4230
5173
5255
4907
1016
7527
5016
4485
5888
3239
5684
7146
151
5569
1185
1458
2261
1067
4227
4466
1906
2447
7869
515
7369
5611
3556
5381
3115
5515
880
1234
5464
3352
3001
3771
1303
7222
7359
5035
2806
4196
3863
3463
6551
7491
163
3847
1870
4118
6893
2122
1220
5054
7401
1807
3702
1018
639
7496
1854
3235
5154
5007
3689
6775
546
4785
2796
7503
1113
4666
6958
7192
671
2915
4604
2600
3063
4671
6203
7492
2589
1230
1297
3734
7001
1838
7680
3675
946
3316
479
5939
1619
3714
4997
1456
4994
7463
2976
1826
7676
7593
842
1717
3015
2333
7915
6125
4005
288
4533
4918
4849
1679
4952
3554
4212
2698
5490
6754
1883
3333
6700
4828
5616
5270
4211
5411
2897
3482
3119
2006
4521
7840
1853
4202
5038
3939
4705
5047
5707
2112
1851
229
7142
7393
3254
7646
1240
4062
3416
6787
2471
6210
4517
5549
2459
915
6934
3195
6074
5559
4094
3248
6088
423
7229
191
4434
712
6573
6917
2091
1765
7122
7178
1855
7657
3
2476
3222
5619
5547
5698
5544
300
6447
143
5438
1464
4706
3307
3268
672
2509
4201
4773
1924
2750
5718
1057
4224
5442
7630
5820
7387
1911
6000
4787
7598
5141
1553
1796
4442
3666
6712
2386
5921
5987
6178
1172
1795
4389
7026
3376
6281
209
4944
4313
6902
6946
1861
64
2845
7988
2684
529
2185
2035
5813
5657
6166
2121
2294
2485
4247
4940
7722
3757
1465
5331
3447
1075
6428
4334
575
5097
7474
7476
7523
7975
2404
2840
5390
7666
2598
1212
2276
4692
758
7886
6930
2390
1608
2367
31
1777
5634
7614
626
4969
655
5463
3035
1537
6215
83
6451
1642
1124
1725
591
1524
1095
7958
3712
3859
7003
6108
3982
3231
1146
4004
4420
5094
2077
302
1693
6600
1437
4551
4014
4768
3172
464
2449
3177
6727
5011
7723
1419
1805
737
2705
5578
5163
3336
951
1323
5383
215
2648
3315
5187
4127
7770
4863
3025
5263
4961
2368
6389
3049
6150
7950
2086
5686
5175
7320
5158
1691
4683
7653
7957
3899
1639
4295
2724
645
7820
5739
186
6510
1500
2300
6366
2326
2544
416
7186
4208
1620
4892
3836
5099
7383
7806
1318
7667
2377
3135
3729
6097
1237
7654
6179
227
6250
5334
7080
3555
6813
1863
7838
4505
7409
1176
3174
2693
5891
1914
1983
4576
3185
1431
6673
3621
6634
4186
78
5079
1523
2633
4509
5558
6471
1440
2596
3436
500
6280
4831
5286
2257
3932
1338
5676
10
5597
5944
594
5519
4249
4535
5543
5229
2312
6877
4349
3399
1912
7729
7745
2111
508
759
1676
5570
7410
3578
2800
2246
6714
4128
1701
3273
7444
7132
2061
5259
4166
2590
7194
3648
450
4336
3942
2643
2407
1753
4294
3255
3305
7298
358
2043
2826
4664
2436
5890
3297
7457
4561
3607
7466
662
5911
6598
7851
7737
6174
7625
6849
925
5253
6301
4774
3888
1203
193
52
5395
1328
441
7961
1746
6497
4991
6432
2056
5020
99
2316
4139
7921
2264
5119
3952
673
5702
5419
5476
1945
3922
5607
4273
6083
3082
4743
3789
596
5922
894
5070
6770
6263
5644
7021
7449
609
4589
4095
6905
6287
4425
6233
5091
7442
3641
123
2358
7725
714
4518
5854
2999
7872
3251
7181
2618
4251
843
7391
2726
4748
4956
6891
7077
3137
7400
6027
7111
5793
1062
658
4978
6731
5096
3966
5880
3752
1086
7966
1550
2743
663
540
1958
2941
7297
716
5032
5224
6089
5305
3022
4957
2205
2214
7658
7086
867
5847
3414
7108
5311
3437
5398
2028
5002
6704
2019
1355
126
6614
6135
5979
118
6427
7472
4481
265
2805
1361
3825
240
192
4218
3490
7367
4755
5823
2887
888
1606
7305
2647
3327
3814
4850
1634
7962
6948
553
7325
3048
6803
7591
2014
4106
7740
2123
7560
6972
5401
6809
497
7274
4914
2660
1387
602
2288
6680
7389
4441
5500
2870
5156
4590
4558
3371
1002
3590
4540
6649
312
4522
1055
7290
2846
4525
7892
3389
1607
4287
1713
3441
2652
6413
1787
3109
7355
4484
1065
1504
4453
2556
6295
5884
6581
3101
5105
359
7955
3962
3668
5240
1775
1222
3722
4245
1315
347
4418
1422
2237
7127
2607
6438
5368
7386
6147
5308
6346
6940
2241
511
5166
6706
3873
3397
2964
2699
2036
95
4554
6219
4936
5057
7455
6098
25
1774
7675
3783
5337
3705
5567
159
1208
4947
218
6317
3125
7873
6068
2334
6173
6656
3550
964
4469
5234
1489
6618
3269
351
4826
5030
4639
6353
7881
466
7353
6843
1506
2524
1758
5290
445
2021
6153
2073
6503
3604
7668
4974
907
5246
6105
5652
313
6992
1000
5726
1794
7570
3773
949
7187
2989
4164
115
2770
5631
1198
593
275
6408
901
3620
6272
5429
1362
6404
2789
6485
1868
2144
5090
6373
4498
1370
2675
1687
1922
2945
4126
911
1381
3881
2191
4254
3199
5982
244
1235
2593
2873
3360
4665
2229
7134
153
7379
4454
847
3959
7845
1736
2769
7631
1233
3165
3406
2635
426
3508
5278
1278
1246
4462
4904
7272
2381
6217
6529
4132
3193
3583
6119
7548
2103
1915
5472
7608
803
1645
7801
5787
5685
3126
6235
1589
2178
7227
233
1162
5215
5292
4508
2909
4043
1643
4626
555
938
1200
4063
5610
5970
1970
7500
3233
7196
2063
105
7250
6557
122
3321
7905
3926
610
530
2562
3916
6004
3170
2551
3158
4012
396
5881
2474
2849
2685
3097
5708
2428
7153
5262
1319
2629
969
4269
2723
1615
5344
2511
7264
1828
1731
1760
782
6087
2324
6324
2736
7224
5975
4182
3129
2389
6445
4538
5713
1135
1022
41
5937
641
3023
590
37
3457
1920
237
2765
3477
3645
2455
6332
6892
5220
3955
5252
6382
4821
3483
7606
7302
6340
621
5273
6764
4864
5561
6873
6170
111
7324
3242
3872
6460
3065
6282
1041
2861
1321
2605
3869
3047
818
7691
5673
7118
6659
7034
3089
4246
1961
935
7574
5310
6729
6717
4693
3683
2143
6211
4194
471
2252
4617
1365
4344
7856
2523
6863
2588
3718
6246
2892
6665
1565
2785
6277
3649
5949
4136
7493
2268
7185
3471
3427
1644
5410
3103
3915
7093
5459
17
576
2138
2709
6042
830
1682
7464
1345
15
6036
6875
1173
2546
5540
5842
5397
4712
2529
1197
6477
2672
419
2793
6151
6248
1908
5480
6842
432
1832
862
2413
6981
2686
5683
4796
5966
4090
5635
3889
289
2832
6779
7459
7638
2159
6852
5980
141
6410
7043
618
255
1933
6362
6032
6269
3631
3700
7067
5850
140
236
719
1307
702
1600
2522
4394
557
7855
354
5904
3262
4100
930
5913
954
1723
1227
7175
1119
4478
6322
4577
5123
3400
615
6755
3874
1313
3313
1510
3021
6524
5285
1561
5434
844
7461
11
3461
5469
364
4833
7749
1764
3353
973
2653
463
4155
7695
389
1325
2011
2731
3041
3306
403
1231
3954
4219
3043
6399
7789
3978
3996
4761
2661
5447
480
1613
4319
19
1417
1880
3723
1312
3045
5380
217
4311
982
1949
7064
5497
5185
7850
5893
4352
1741
6605
7564
1209
3210
7154
835
5639
1459
62
5093
778
4658
2171
5596
3476
6372
4890
4932
5439
1585
7692
623
6350
653
3093
5542
5235
5680
5872
6629
7535
2536
3540
5752
3612
3697
5427
7428
640
2206
1902
5443
2281
5415
5033
5236
4824
3249
6091
7470
4438
1156
2570
3334
4187
4610
537
2289
316
7291
4728
3986
5741
7612
6823
6122
6553
117
5637
5947
7586
2519
6542
3495
7333
848
103
7785
4802
2710
7756
4715
2965
5370
6749
6155
7913
5821
1207
5574
6527
1757
5643
2885
4630
2697
3925
6730
6887
1702
4384
2533
7902
715
6111
1270
7414
4763
5496
5598
4011
3883
4547
4317
2202
6134
3828
2928
2760
1592
1646
1590
637
4846
6854
2977
4346
4180
1969
6602
1936
2561
2623
3985
3143
5617
6271
2581
2962
3751
5649
7919
7097
1948
3448
6535
1098
7025
5128
1576
1352
311
4718
7798
5679
2352
2903
786
2311
5155
4934
1390
650
248
5342
6401
7829
297
3585
751
6416
2295
5805
2142
1468
1366
3272
1249
5764
7802
3551
6132
1840
1818
2162
3798
4339
2438
3633
6784
2676
4121
6763
2079
7940
2013
2920
5256
6806
3846
1579
4628
6694
458
3687
7412
5623
1202
3422
5200
4161
4585
7765
933
2646
6610
6283
1885
794
3855
2555
7426
2505
2534
7120
4205
4490
4034
2911
5455
5135
3212
6181
1044
3159
3200
4698
6518
2350
7471
268
1424
5222
801
7257
5489
4375
4056
6190
706
7339
6715
3699
1554
3653
3267
5826
2242
943
7220
985
965
3434
510
6278
1667
3083
755
7969
7271
5412
2787
768
4803
6154
1638
7009
5926
7697
4959
5451
765
2535
5678
3775
6128
3088
1434
1441
49
7949
5687
5769
6293
2211
299
1708
2784
2668
1656
2269
7659
2330
7425
310
1827
5144
4163
7314
3574
7169
7795
722
5836
541
6013
3614
4967
7438
4113
2801
5001
3220
1140
6853
1497
6772
1004
256
3750
1907
4137
6505
5553
5295
3597
976
5887
4390
7135
5552
2649
3987
7899
619
4655
169
6474
5080
498
1761
6041
2029
1996
6484
3079
7203
4297
259
3460
5806
5996
5283
1509
5495
972
7701
521
260
6628
6029
7477
4401
7341
3549
5319
1541
3444
2139
6308
1707
1657
2961
1981
6200
2816
4223
4237
7715
3897
3275
4345
1305
332
5330
7661
6530
7052
5663
4815
1602
4156
4870
5230
2150
3762
1254
4511
4435
2273
6371
1614
7959
7641
1683
3229
6123
2586
6440
469
7358
2347
1971
3055
2771
1454
1469
1879
6424
7645
5216
7092
2998
7542
1386
4028
1271
7385
7139
6425
1513
138
4052
6740
4092
4729
977
4853
292
6456
2033
6241
4516
4880
4262
6671
3208
1538
7585
3740
6464
1425
4854
3020
3610
6026
7396
1032
7549
6802
4839
6735
5103
2613
2645
7125
4634
5366
3743
30
3024
4669
235
970
6834
7253
4146
1445
2580
5418
2929
4829
3677
2348
1475
6507
5064
7526
4749
1462
7734
1327
828
1284
6724
4222
5183
3512
4611
978
5322
4057
5041
6049
1800
5205
5045
5437
2794
7732
1584
2492
5475
1043
1026
3913
1333
4206
3204
4455
4216
1341
6014
5729
5954
2957
5940
5436
5835
4552
6760
208
1521
2819
6259
3518
4791
3562
665
2117
4105
5669
7982
3014
1430
2558
5989
3303
1552
5168
6643
7109
5345
717
4759
1569
405
6713
2359
7202
4514
7900
361
7963
4497
2254
2803
585
3857
1618
5508
7934
1160
3300
5603
4419
1058
6397
5916
6856
6008
7042
3317
718
6627
1136
5180
2370
1031
6742
2349
6556
3379
6114
4560
5514
4702
3824
6752
4819
2195
3411
4627
3657
1580
314
2391
2733
5677
1118
926
6521
1080
4135
5162
4636
6816
2364
1001
3311
3339
7095
155
675
3579
2453
7841
3053
2930
574
2557
2943
3062
974
747
5157
6815
927
3075
369
4307
2729
2388
1385
1508
6918
6342
2834
4244
5582
4131
6662
6138
845
7332
1384
3033
63
1946
2097
4402
3536
2936
968
262
1427
7706
440
4046
7285
36
514
7490
109
5513
6733
7313
4026
2521
1199
7951
3711
3144
3772
6454
5111
3930
6996
124
5746
2298
1551
7914
7954
4646
666
3854
6021
7138
4157
5132
633
3970
726
3176
7822
5807
5855
4783
3584
4992
7626
5534
793
2703
334
6997
4527
2802
1228
5844
7739
6855
4073
4489
2866
6056
2376
6785
1039
51
7280
2938
3010
2169
7531
3976
350
651
6684
2931
5208
4955
6668
3565
7901
3474
2167
7013
4448
6769
3566
5749
6739
5307
1457
2464
5444
1546
4682
4213
5865
2473
7073
4536
921
71
1311
6363
6633
7151
6771
3349
3205
5405
6508
7057
5393
4340
3259
170
4972
6446
3197
1780
961
821
2712
7206
3016
975
4367
443
4102
3218
204
5589
4886
6058
5781
4582
5964
6840
7896
1428
5963
6636
5858
1281
3451
4250
7906
7709
4417
1103
2164
5013
1675
2463
7522
4348
1024
4503
47
171
5176
764
5462
6057
5545
7684
1706
4147
7563
3424
2496
809
4537
6491
7719
2547
6701
1453
4051
1214
4395
7747
887
7037
7834
5981
2379
3754
4811
5765
2958
3807
6469
7486
6586
1353
1653
1035
2184
967
4440
5138
7815
2627
6169
3829
4999
5453
1481
3345
6213
2198
1003
4220
1881
5258
3357
6025
2287
1811
7121
2932
2307
6768
4266
2735
2854
4884
3188
3292
4082
4739
6070
1232
4302
7020
5423
4838
7555
6858
4104
1216
2756
6394
2022
733
2437
1306
3949
5883
2445
6409
3680
5622
4252
5957
878
2232
7047
2572
2034
4312
7897
5316
1768
2867
1966
1595
7010
2630
197
3012
2767
1154
3293
2700
6044
3478
1436
3330
7617
5771
7571
2766
2655
1155
2821
3809
4750
5800
1852
870
4711
1277
5526
4322
3810
4387
5735
3737
5565
3005
4358
5528
5638
3678
834
2738
613
5044
659
1435
294
6387
683
3880
5084
4805
249
6759
6466
3179
3860
5008
5868
5228
1402
1081
5299
2101
3472
425
7590
1904
1809
1339
6201
732
4068
5362
2335
7507
128
5659
3871
3866
1213
5109
4378
995
2560
5312
1640
7015
4112
625
329
5985
4133
1503
6286
871
3201
3388
532
5779
4414
7759
7827
7295
1077
6305
5467
487
3223
5511
6589
3374
1834
3618
4158
1181
2812
6837
3721
397
7556
947
7615
4341
2862
6459
427
4064
1420
6814
5031
7172
7418
1265
7971
7247
6365
6314
1831
2152
223
5959
61
6568
5399
2946
6490
4792
749
6577
2321
4901
2177
5873
4619
7063
5896
7929
2140
7140
1413
7768
7157
1927
5541
1302
483
6558
1994
6697
2217
2566
3419
7315
7808
5909
7990
2994
852
1364
3609
6222
6964
6144
1477
987
3865
2884
1722
6695
4911
4719
4477
7937
6592
4017
4767
5523
2432
7844
5662
3068
6718
3793
4265
3346
3682
4592
5275
4614
1395
5946
1742
5326
1104
559
5069
7893
1869
330
1611
2673
4020
5499
4109
6562
7102
7884
4184
6890
3688
6986
3407
3808
360
2305
5593
6544
